
  1.00000000   0.00000000 
  1.00000000   0.00000000 
  1.00000000   0.00000000 
  1.00000000   0.00000000 
  1.00000000   0.00000000 
  1.00000000   0.00000002 
  1.00000000   0.00000000 
  1.00000000   0.00000000 
  0.99999964   0.00000036 
  1.00000000   0.00000000 
  1.00000000   0.00000000 
  1.00000000   0.00000000 
  1.00000000   0.00000000 
  1.00000000   0.00000000 
  1.00000000   0.00000000 
  1.00000000   0.00000000 
  1.00000000   0.00000000 
  1.00000000   0.00000000 
  1.00000000   0.00000000 
  1.00000000   0.00000000 
  1.00000000   0.00000000 
  1.00000000   0.00000004 
  1.00000000   0.00000006 
  1.00000000   0.00000000 
  1.00000000   0.00000000 
  1.00000000   0.00000000 
  1.00000000   0.00000000 
  1.00000000   0.00000000 
  1.00000000   0.00000000 
  1.00000000   0.00000000 
  1.00000000   0.00000000 
  1.00000000   0.00000000 
  1.00000000   0.00000000 
  0.99999976   0.00000024 
  1.00000000   0.00000000 
  0.99999952   0.00000042 
  1.00000000   0.00000000 
  1.00000000   0.00000000 
  1.00000000   0.00000000 
  1.00000000   0.00000001 
  1.00000000   0.00000003 
  0.99999988   0.00000011 
  1.00000000   0.00000000 
  1.00000000   0.00000001 
  1.00000000   0.00000001 
  1.00000000   0.00000000 
  1.00000000   0.00000001 
  1.00000000   0.00000000 
  1.00000000   0.00000000 
  1.00000000   0.00000000 
  1.00000000   0.00000000 
  1.00000000   0.00000000 
  1.00000000   0.00000000 
  1.00000000   0.00000000 
  1.00000000   0.00000000 
  1.00000000   0.00000001 
  1.00000000   0.00000000 
  1.00000000   0.00000000 
  1.00000000   0.00000000 
  1.00000000   0.00000000 
  1.00000000   0.00000000 
  1.00000000   0.00000000 
  1.00000000   0.00000002 
  1.00000000   0.00000000 
  1.00000000   0.00000000 
  1.00000000   0.00000000 
  1.00000000   0.00000000 
  1.00000000   0.00000000 
  1.00000000   0.00000000 
  1.00000000   0.00000001 
  1.00000000   0.00000001 
  1.00000000   0.00000000 
  1.00000000   0.00000000 
  1.00000000   0.00000002 
  1.00000000   0.00000000 
  1.00000000   0.00000000 
  1.00000000   0.00000000 
  1.00000000   0.00000002 
  1.00000000   0.00000000 
  1.00000000   0.00000003 
  1.00000000   0.00000000 
  1.00000000   0.00000002 
  1.00000000   0.00000000 
  1.00000000   0.00000000 
  1.00000000   0.00000000 
  1.00000000   0.00000000 
  1.00000000   0.00000000 
  1.00000000   0.00000000 
  1.00000000   0.00000000 
  1.00000000   0.00000000 
  1.00000000   0.00000001 
  1.00000000   0.00000002 
  1.00000000   0.00000000 
  1.00000000   0.00000000 
  1.00000000   0.00000000 
  1.00000000   0.00000000 
  1.00000000   0.00000000 
  1.00000000   0.00000000 
  1.00000000   0.00000000 
  1.00000000   0.00000000 